(15.584415584415584, 21.753246753246753)
8
(6.818181818181818, 30.032467532467532); (6.6558441558441555, 24.918831168831172); (12.5, 24.594155844155843); (12.5, 29.9512987012987)
(12.5, 29.9512987012987); (12.5, 24.594155844155843); (17.694805194805195, 24.675324675324674); (17.37012987012987, 30.113636363636363)
(17.37012987012987, 30.113636363636363); (17.694805194805195, 24.675324675324674); (22.483766233766232, 24.594155844155843); (22.4025974025974, 30.275974025974026)
(22.4025974025974, 30.275974025974026); (22.483766233766232, 24.594155844155843); (27.02922077922078, 24.350649350649352); (26.866883116883116, 30.275974025974026)
(6.6558441558441555, 24.918831168831172); (6.3311688311688314, 18.100649350649352); (12.581168831168831, 18.425324675324674); (12.5, 24.594155844155843)
(12.5, 24.594155844155843); (12.581168831168831, 18.425324675324674); (17.93831168831169, 18.425324675324674); (17.694805194805195, 24.675324675324674)
(17.694805194805195, 24.675324675324674); (17.93831168831169, 18.425324675324674); (22.321428571428573, 18.506493506493506); (22.483766233766232, 24.594155844155843)
(22.483766233766232, 24.594155844155843); (22.321428571428573, 18.506493506493506); (27.353896103896105, 18.66883116883117); (27.02922077922078, 24.350649350649352)
